-1,-1,-1,-1,-1,-1,-1,-1,-1,-1,-1,133,132,131,130,129,128,-1,-1,-1,-1,-1,-1,-1,-1,-1,-1,-1,-1,-1,-1,-1,-1,-1,-1,-1,-1,-1,-1,-1,-1,-1,-1,-1,-1,-1,-1,-1,-1,-1,-1,-1,-1,-1,-1,-1,-1,-1,-1,-1,-1,-1,-1,-1,-1,-1,-1,-1,-1,-1,-1,-1,-1,-1,-1,-1,-1,-1,-1,-1,-1,-1,-1,-1,-1,-1,-1,-1,-1,-1,-1,-1,-1,-1,-1,-1,-1,-1,-1,-1,
-1,-1,-1,-1,-1,-1,-1,-1,-1,-1,-1,134,135,136,122,37,126,-1,-1,-1,-1,-1,-1,-1,-1,-1,-1,-1,-1,-1,-1,-1,-1,-1,-1,-1,-1,-1,-1,-1,-1,-1,-1,-1,-1,-1,-1,-1,-1,-1,-1,-1,-1,-1,-1,-1,-1,-1,-1,-1,-1,-1,-1,-1,-1,-1,-1,-1,-1,-1,-1,-1,-1,-1,-1,-1,-1,-1,-1,-1,-1,-1,-1,-1,-1,-1,-1,-1,-1,-1,-1,-1,-1,-1,-1,-1,-1,-1,-1,-1,
32,-1,35,-1,-1,-1,-1,-1,-1,-1,-1,103,101,117,121,123,126,-1,-1,-1,-1,-1,-1,-1,-1,-1,179,-1,-1,-1,-1,-1,-1,-1,-1,-1,-1,-1,-1,-1,-1,-1,-1,-1,-1,-1,-1,-1,-1,-1,-1,-1,-1,-1,-1,-1,-1,-1,-1,-1,-1,-1,-1,-1,-1,-1,-1,-1,-1,-1,-1,-1,-1,-1,-1,-1,-1,-1,-1,-1,-1,-1,-1,-1,-1,-1,-1,-1,-1,-1,-1,-1,-1,-1,-1,-1,-1,-1,-1,-1,
33,34,36,-1,-1,-1,72,-1,75,-1,-1,104,102,116,120,124,126,-1,-1,-1,-1,-1,-1,-1,-1,178,177,180,181,-1,-1,-1,-1,-1,-1,-1,-1,-1,-1,-1,-1,-1,-1,-1,-1,-1,-1,-1,-1,-1,-1,-1,-1,-1,-1,-1,-1,-1,-1,-1,-1,-1,-1,-1,-1,-1,-1,-1,-1,-1,-1,-1,-1,-1,-1,-1,-1,-1,304,-1,-1,-1,-1,-1,-1,-1,-1,-1,-1,-1,-1,-1,-1,-1,-1,-1,-1,-1,-1,-1,
39,38,37,-1,-1,-1,71,73,74,-1,-1,105,100,12,119,125,126,-1,-1,-1,-1,-1,-1,-1,-1,-1,176,183,182,192,193,-1,-1,-1,-1,-1,-1,-1,-1,-1,-1,-1,-1,-1,-1,-1,-1,-1,-1,-1,-1,-1,-1,-1,-1,-1,-1,-1,-1,-1,-1,-1,-1,-1,-1,-1,-1,-1,-1,-1,-1,-1,-1,-1,-1,-1,-1,-1,302,303,-1,-1,-1,-1,-1,-1,-1,-1,-1,-1,-1,-1,-1,-1,-1,-1,-1,-1,-1,-1,
40,41,37,-1,-1,70,-1,76,-1,-1,-1,106,99,12,118,-1,126,-1,-1,-1,-1,-1,-1,-1,-1,-1,176,184,185,191,194,-1,-1,-1,-1,-1,-1,-1,-1,-1,-1,-1,-1,-1,-1,-1,-1,-1,-1,-1,-1,-1,-1,-1,-1,-1,-1,-1,-1,-1,-1,-1,-1,-1,-1,-1,-1,-1,-1,-1,-1,-1,-1,-1,-1,-1,-1,-1,299,300,-1,-1,-1,-1,-1,-1,-1,-1,-1,-1,-1,-1,-1,-1,-1,-1,-1,-1,-1,-1,
42,37,37,-1,-1,69,-1,77,-1,-1,-1,107,98,12,-1,-1,127,-1,-1,-1,-1,-1,-1,-1,-1,-1,175,108,186,190,195,-1,-1,-1,-1,-1,-1,-1,-1,-1,-1,-1,-1,-1,-1,-1,-1,-1,-1,-1,-1,-1,-1,-1,-1,-1,-1,-1,-1,-1,-1,-1,-1,-1,-1,-1,-1,-1,-1,-1,-1,-1,-1,-1,-1,-1,-1,-1,298,301,-1,-1,-1,-1,-1,-1,-1,-1,-1,-1,-1,-1,-1,-1,-1,-1,337,338,-1,-1,
43,37,44,-1,-1,68,-1,78,-1,-1,-1,108,97,12,-1,-1,127,-1,-1,-1,-1,-1,-1,-1,-1,-1,172,187,188,189,127,-1,-1,-1,-1,-1,-1,-1,-1,-1,-1,-1,-1,-1,-1,-1,-1,-1,-1,-1,-1,-1,-1,-1,-1,-1,-1,-1,-1,-1,-1,-1,-1,-1,-1,-1,-1,-1,-1,-1,-1,-1,-1,-1,-1,-1,-1,-1,297,296,-1,-1,-1,-1,-1,-1,-1,-1,-1,-1,-1,-1,-1,-1,-1,-1,336,-1,-1,-1,
46,45,-1,-1,-1,67,-1,79,-1,-1,-1,109,96,115,-1,-1,-1,-1,-1,-1,-1,-1,-1,-1,-1,-1,174,173,111,198,127,-1,-1,-1,-1,-1,-1,-1,-1,-1,-1,-1,-1,-1,-1,-1,-1,-1,-1,-1,-1,-1,-1,-1,-1,-1,-1,-1,-1,-1,-1,-1,-1,-1,-1,-1,-1,-1,-1,-1,-1,-1,-1,-1,-1,-1,-1,-1,-1,295,-1,-1,-1,-1,-1,-1,-1,-1,-1,-1,-1,-1,-1,-1,-1,-1,335,-1,-1,-1,
47,54,55,-1,-1,66,-1,80,-1,-1,-1,110,95,12,-1,-1,145,-1,-1,-1,-1,-1,-1,-1,-1,-1,-1,172,-1,199,127,-1,-1,-1,-1,-1,-1,-1,-1,-1,-1,-1,-1,-1,-1,-1,-1,-1,-1,-1,-1,-1,-1,-1,-1,-1,-1,-1,-1,-1,-1,-1,-1,-1,-1,-1,-1,-1,-1,-1,-1,-1,-1,-1,-1,-1,-1,-1,-1,294,-1,310,-1,-1,-1,-1,-1,-1,-1,-1,-1,-1,-1,-1,-1,-1,334,-1,347,348,
48,53,56,-1,65,64,-1,80,-1,-1,-1,111,94,114,143,144,124,-1,151,-1,-1,-1,-1,-1,-1,-1,-1,171,-1,197,127,-1,-1,-1,-1,-1,-1,-1,-1,-1,-1,-1,-1,-1,-1,-1,-1,-1,-1,-1,-1,-1,-1,-1,-1,-1,-1,-1,-1,-1,-1,-1,-1,-1,-1,-1,-1,-1,-1,-1,-1,-1,-1,-1,-1,-1,-1,-1,-1,293,-1,309,-1,-1,-1,314,-1,-1,-1,-1,-1,-1,-1,-1,-1,-1,333,-1,346,349,
49,52,57,-1,62,63,-1,80,-1,-1,-1,-1,93,113,142,141,140,-1,150,-1,-1,-1,-1,160,-1,-1,-1,-1,65,201,196,-1,-1,-1,-1,-1,-1,-1,-1,-1,-1,-1,-1,-1,-1,-1,-1,-1,-1,-1,-1,-1,-1,-1,-1,-1,-1,-1,-1,-1,-1,256,257,-1,262,-1,-1,-1,-1,-1,-1,-1,-1,-1,-1,-1,-1,-1,-1,292,-1,308,313,311,312,315,316,-1,-1,-1,-1,-1,-1,-1,-1,-1,332,-1,-1,345,
50,51,58,59,60,61,-1,81,91,90,89,88,92,112,137,138,139,146,149,152,153,-1,-1,159,161,32,-1,-1,170,200,182,206,-1,-1,-1,-1,219,220,12,-1,-1,-1,-1,-1,-1,-1,-1,-1,-1,-1,-1,-1,-1,-1,-1,-1,-1,-1,-1,-1,-1,255,258,261,263,-1,-1,-1,-1,-1,-1,-1,-1,-1,-1,-1,-1,-1,289,290,305,306,307,0,0,0,0,317,318,-1,-1,323,324,327,-1,-1,331,340,341,344,
0,0,0,0,0,0,83,82,84,85,86,87,0,0,0,0,0,147,148,0,0,154,155,158,162,165,166,167,169,202,205,207,213,214,215,-1,218,221,222,-1,-1,-1,-1,-1,-1,-1,-1,-1,-1,-1,-1,-1,-1,-1,-1,-1,-1,-1,-1,-1,253,254,259,260,264,-1,-1,-1,-1,-1,-1,-1,-1,-1,-1,-1,286,287,288,291,0,0,0,0,0,0,0,0,319,320,321,322,325,326,328,329,330,339,342,343,
0,0,0,0,0,0,0,0,0,0,0,0,0,0,0,0,0,0,0,0,0,0,156,157,163,164,0,0,168,203,204,208,210,211,212,216,217,223,224,225,226,227,228,229,236,229,229,229,229,229,229,227,244,245,229,229,229,229,229,251,252,0,0,0,265,266,267,269,271,272,275,276,279,280,283,284,285,0,0,0,0,0,0,0,0,0,0,0,0,0,0,0,0,0,0,0,0,0,0,0,
0,0,0,0,0,0,0,0,0,0,0,0,0,0,0,0,0,0,0,0,0,0,0,0,0,0,0,0,0,0,209,0,0,0,0,0,0,0,0,0,230,231,232,233,234,235,237,238,239,240,241,242,243,0,246,247,248,249,250,0,0,0,0,0,0,0,268,270,0,273,274,277,278,281,282,0,0,0,0,0,0,0,0,0,0,0,0,0,0,0,0,0,0,0,0,0,0,0,0,0,
