-1,-1,-1,-1,-1,-1,-1,-1,-1,-1,-1,-1,-1,-1,-1,-1,-1,-1,-1,-1,-1,-1,-1,-1,-1,-1,-1,-1,-1,-1,-1,-1,-1,-1,-1,-1,-1,-1,995,990,894,988,985,984,-1,-1,-1,-1,-1,-1,-1,-1,-1,-1,-1,-1,-1,-1,-1,-1,-1,-1,-1,-1,-1,-1,-1,-1,-1,-1,-1,-1,-1,-1,-1,-1,-1,-1,-1,-1,-1,-1,-1,-1,-1,-1,-1,-1,-1,-1,-1,-1,-1,-1,-1,-1,-1,-1,-1,-1,
-1,-1,-1,-1,-1,-1,-1,-1,-1,830,831,833,832,-1,-1,-1,-1,-1,-1,-1,-1,-1,-1,-1,-1,-1,-1,-1,-1,-1,-1,-1,-1,-1,-1,-1,-1,994,993,991,989,987,986,983,-1,-1,-1,-1,-1,-1,-1,1022,-1,-1,-1,-1,-1,-1,-1,-1,-1,-1,-1,-1,-1,-1,-1,-1,-1,-1,-1,-1,1106,-1,-1,-1,-1,-1,-1,-1,-1,-1,-1,-1,-1,-1,-1,-1,-1,-1,1170,-1,-1,-1,-1,-1,-1,-1,-1,-1,
-1,764,-1,-1,-1,-1,-1,-1,829,828,827,826,825,-1,-1,-1,-1,-1,-1,-1,-1,-1,-1,-1,-1,-1,-1,-1,-1,-1,-1,-1,-1,-1,-1,-1,-1,-1,-1,-1,992,980,981,982,-1,-1,-1,-1,-1,-1,-1,1020,1021,-1,-1,-1,-1,-1,-1,-1,-1,-1,-1,-1,-1,-1,-1,-1,-1,-1,-1,-1,1104,1105,-1,-1,-1,-1,-1,-1,-1,-1,-1,-1,-1,-1,-1,-1,-1,801,1169,1171,-1,-1,-1,-1,-1,-1,-1,-1,
765,766,767,-1,-1,-1,-1,-1,821,820,822,823,824,814,815,-1,854,855,-1,-1,-1,-1,-1,-1,-1,-1,-1,-1,-1,-1,-1,-1,-1,-1,-1,-1,-1,-1,-1,-1,979,978,977,975,976,-1,-1,-1,-1,-1,-1,1019,-1,-1,-1,-1,-1,-1,-1,-1,-1,-1,-1,-1,-1,-1,-1,-1,-1,-1,-1,-1,1103,-1,-1,-1,-1,-1,-1,-1,-1,-1,-1,-1,-1,-1,-1,-1,-1,-1,1168,-1,-1,-1,-1,-1,-1,-1,-1,-1,
-1,768,-1,-1,-1,-1,-1,-1,-1,819,818,817,816,813,-1,-1,853,841,-1,-1,-1,-1,-1,-1,-1,-1,-1,-1,-1,-1,-1,-1,-1,-1,-1,-1,-1,-1,963,964,965,974,973,972,971,-1,-1,-1,-1,-1,-1,1018,-1,-1,-1,-1,-1,-1,-1,-1,-1,-1,-1,-1,-1,-1,-1,-1,-1,-1,-1,-1,1103,-1,-1,-1,-1,-1,-1,-1,-1,-1,-1,963,-1,-1,-1,-1,-1,-1,1103,-1,-1,-1,-1,-1,-1,-1,-1,-1,
-1,768,-1,-1,-1,-1,-1,-1,-1,-1,809,810,811,812,-1,-1,852,-1,-1,-1,-1,-1,-1,-1,-1,-1,-1,-1,-1,-1,-1,-1,-1,-1,-1,-1,-1,961,-1,962,966,967,968,969,970,-1,-1,-1,-1,-1,-1,1017,-1,-1,-1,-1,-1,-1,-1,-1,-1,-1,1063,-1,-1,-1,-1,-1,-1,-1,-1,-1,1102,593,-1,-1,-1,-1,-1,-1,-1,-1,-1,799,1143,-1,1159,-1,-1,-1,1103,-1,-1,-1,-1,-1,-1,-1,-1,-1,
-1,768,-1,-1,-1,-1,-1,-1,-1,808,807,806,805,-1,-1,846,851,-1,-1,-1,-1,-1,-1,-1,-1,-1,-1,-1,-1,-1,-1,-1,-1,-1,-1,-1,960,959,958,957,956,955,951,950,949,948,-1,-1,-1,-1,-1,1016,-1,-1,-1,-1,-1,-1,-1,-1,-1,-1,1062,1071,1072,-1,-1,-1,-1,-1,-1,-1,1101,593,-1,-1,-1,-1,-1,1124,-1,-1,-1,1142,593,-1,894,1158,-1,-1,1167,-1,-1,-1,-1,-1,-1,-1,-1,-1,
-1,768,-1,-1,-1,-1,-1,-1,-1,801,802,803,804,-1,-1,845,850,-1,-1,-1,-1,-1,-1,-1,-1,-1,-1,-1,-1,-1,-1,-1,-1,-1,-1,-1,-1,-1,-1,-1,-1,954,953,952,946,947,-1,-1,-1,-1,593,1015,-1,-1,-1,-1,-1,-1,-1,-1,-1,884,1061,1070,1073,-1,-1,-1,-1,-1,-1,-1,1101,1100,-1,-1,-1,-1,-1,1125,-1,-1,-1,1141,593,-1,-1,1157,-1,-1,1101,-1,-1,-1,-1,-1,-1,-1,-1,-1,
-1,769,-1,-1,-1,-1,-1,-1,-1,-1,799,800,-1,-1,-1,844,-1,-1,-1,-1,-1,-1,-1,-1,-1,-1,-1,-1,-1,-1,-1,-1,-1,-1,-1,-1,-1,-1,-1,-1,-1,-1,929,944,945,-1,-1,-1,-1,-1,593,1014,-1,-1,-1,-1,-1,-1,-1,-1,-1,1055,1060,1069,1074,-1,-1,-1,-1,-1,-1,-1,799,1011,-1,-1,-1,1122,1123,1126,-1,-1,-1,1140,1144,-1,-1,1156,-1,-1,1101,-1,-1,-1,-1,-1,-1,-1,-1,-1,
-1,770,-1,-1,-1,-1,-1,-1,-1,-1,799,798,-1,-1,-1,843,-1,-1,-1,-1,-1,-1,-1,-1,-1,-1,-1,-1,-1,-1,-1,-1,-1,-1,-1,-1,-1,-1,-1,-1,-1,935,934,943,942,-1,-1,-1,-1,-1,593,798,-1,-1,-1,-1,-1,-1,1041,1042,1043,1054,1059,1068,1075,-1,-1,-1,-1,-1,-1,-1,799,1099,-1,-1,-1,-1,1121,1127,-1,-1,-1,1139,1145,-1,-1,1155,-1,-1,1101,-1,-1,-1,-1,-1,-1,-1,-1,-1,
-1,770,-1,-1,-1,-1,785,-1,-1,-1,797,798,-1,-1,-1,842,849,-1,-1,-1,-1,-1,-1,-1,-1,-1,-1,-1,-1,-1,-1,-1,-1,-1,-1,-1,-1,-1,-1,-1,-1,-1,933,936,941,-1,-1,-1,-1,-1,1012,1013,-1,963,1028,1029,-1,-1,1040,1044,593,1053,1058,1067,-1,-1,-1,-1,-1,-1,1091,-1,797,1098,1110,-1,-1,-1,1120,-1,-1,-1,-1,1138,-1,-1,-1,1154,1160,1165,1101,-1,-1,-1,-1,-1,-1,-1,1182,-1,
773,770,-1,-1,-1,784,786,789,790,792,793,796,834,837,838,841,848,857,859,860,864,-1,-1,-1,-1,-1,-1,-1,-1,-1,-1,-1,-1,-1,-1,-1,-1,-1,-1,-1,-1,-1,932,937,940,-1,-1,-1,-1,-1,799,1011,-1,-1,1027,1030,-1,-1,1039,1045,593,1052,1057,1066,-1,1080,-1,-1,1063,785,1090,-1,-1,798,1109,-1,-1,1116,1119,-1,-1,-1,-1,1137,-1,-1,-1,1153,1161,1164,1166,1172,1173,920,1177,1178,1179,1180,1181,1183,
772,771,774,779,780,783,787,788,4,791,794,795,835,836,839,840,847,856,858,861,863,869,870,773,-1,-1,884,-1,-1,896,897,-1,-1,-1,-1,-1,-1,-1,-1,-1,-1,-1,-1,930,-1,-1,999,1000,1005,1006,1009,1010,1023,1024,1026,1031,1034,1035,1038,1046,1047,1051,1056,1065,1076,1079,1081,1084,1085,1087,1089,1092,1095,1097,1108,1113,1114,1115,1118,1129,1131,1132,1134,1136,1146,1148,1149,1152,1162,1163,4,4,1174,1175,1176,4,4,4,1185,1184,
775,776,777,778,781,782,4,4,4,4,4,4,4,4,4,4,4,4,4,862,865,868,871,874,877,878,883,887,888,895,898,-1,-1,-1,-1,-1,-1,-1,-1,-1,-1,-1,-1,931,-1,-1,998,1001,1004,1007,1008,4,4,4,1025,1032,1033,1036,1037,1048,1049,1050,4,1064,1077,1078,1082,1083,1086,4,1088,1093,1094,1096,1107,1111,1112,866,1117,1128,1130,1133,4,1135,1147,4,1150,1151,873,4,4,4,4,4,4,4,4,4,4,4,
4,4,4,4,4,4,4,4,4,4,4,4,4,4,4,4,4,4,4,4,866,867,872,873,876,879,882,886,889,894,899,-1,-1,-1,-1,-1,-1,-1,-1,920,-1,773,-1,929,939,996,997,1002,1003,4,4,4,4,4,4,4,4,4,4,4,4,4,4,4,4,4,4,4,4,4,4,4,4,4,4,4,4,4,4,4,4,4,4,4,4,4,4,4,4,4,4,4,4,4,4,4,4,4,4,4,
4,4,4,4,4,4,4,4,4,4,4,4,4,4,4,4,4,4,4,4,4,4,4,4,875,880,881,885,890,893,900,903,904,907,908,911,912,915,916,919,921,924,925,928,938,4,4,4,4,4,4,4,4,4,4,4,4,4,4,4,4,4,4,4,4,4,4,4,4,4,4,4,4,4,4,4,4,4,4,4,4,4,4,4,4,4,4,4,4,4,4,4,4,4,4,4,4,4,4,4,
4,4,4,4,4,4,4,4,4,4,4,4,4,4,4,4,4,4,4,4,4,4,4,4,4,4,4,4,891,892,901,902,905,906,909,910,913,914,917,918,922,923,926,927,4,4,4,4,4,4,4,4,4,4,4,4,4,4,4,4,4,4,4,4,4,4,4,4,4,4,4,4,4,4,4,4,4,4,4,4,4,4,4,4,4,4,4,4,4,4,4,4,4,4,4,4,4,4,4,4,
4,4,4,4,4,4,4,4,4,4,4,4,4,4,4,4,4,4,4,4,4,4,4,4,4,4,4,4,4,4,4,4,4,4,4,4,4,4,4,4,4,4,4,4,4,4,4,4,4,4,4,4,4,4,4,4,4,4,4,4,4,4,4,4,4,4,4,4,4,4,4,4,4,4,4,4,4,4,4,4,4,4,4,4,4,4,4,4,4,4,4,4,4,4,4,4,4,4,4,4,
4,4,4,4,4,4,4,4,4,4,4,4,4,4,4,4,4,4,4,4,4,4,4,4,4,4,4,4,4,4,4,4,4,4,4,4,4,4,4,4,4,4,4,4,4,4,4,4,4,4,4,4,4,4,4,4,4,4,4,4,4,4,4,4,4,4,4,4,4,4,4,4,4,4,4,4,4,4,4,4,4,4,4,4,4,4,4,4,4,4,4,4,4,4,4,4,4,4,4,4,
4,4,4,4,4,4,4,4,4,4,4,4,4,4,4,4,4,4,4,4,4,4,4,4,4,4,4,4,4,4,4,4,4,4,4,4,4,4,4,4,4,4,4,4,4,4,4,4,4,4,4,4,4,4,4,4,4,4,4,4,4,4,4,4,4,4,4,4,4,4,4,4,4,4,4,4,4,4,4,4,4,4,4,4,4,4,4,4,4,4,4,4,4,4,4,4,4,4,4,4,
