352,372,373,393,394,412,413,432,433,504,505,520,521,380,533,116,544,556,557,571,572,116,600,116,116,116,116,116,116,-1,-1,692,-1,-1,-1,-1,-1,-1,-1,-1,-1,-1,-1,-1,-1,-1,-1,-1,-1,-1,-1,-1,-1,-1,-1,-1,-1,-1,-1,-1,-1,-1,-1,-1,-1,-1,-1,-1,-1,-1,-1,-1,-1,-1,-1,-1,-1,-1,-1,-1,-1,-1,-1,-1,-1,-1,-1,-1,-1,-1,-1,-1,-1,-1,-1,-1,-1,-1,-1,-1,
353,371,374,392,395,116,414,405,434,503,506,519,521,380,534,116,545,555,558,570,573,116,601,116,116,641,116,116,-1,-1,-1,691,-1,-1,-1,-1,-1,-1,-1,-1,-1,-1,-1,-1,-1,-1,-1,-1,-1,-1,-1,-1,-1,-1,-1,-1,-1,-1,-1,-1,-1,-1,-1,-1,-1,-1,-1,-1,-1,-1,-1,-1,-1,-1,-1,-1,-1,-1,-1,-1,-1,-1,-1,-1,-1,-1,-1,-1,-1,-1,-1,-1,-1,-1,-1,-1,-1,-1,-1,-1,
354,370,375,391,396,116,378,405,435,502,354,518,521,380,534,116,546,554,559,569,574,116,602,116,116,640,116,655,116,-1,675,690,-1,-1,-1,-1,-1,-1,-1,-1,-1,-1,-1,-1,-1,-1,-1,-1,-1,-1,-1,-1,-1,-1,-1,-1,-1,-1,-1,-1,-1,-1,-1,-1,-1,-1,-1,-1,-1,-1,-1,-1,-1,-1,-1,-1,-1,-1,-1,-1,-1,-1,-1,-1,-1,-1,-1,-1,-1,-1,-1,-1,-1,-1,-1,-1,-1,-1,-1,-1,
355,369,376,390,397,411,378,431,436,501,507,517,521,532,535,543,547,552,560,568,575,599,603,116,116,639,116,355,116,-1,674,690,-1,-1,-1,-1,-1,-1,-1,-1,-1,-1,-1,-1,-1,-1,-1,-1,-1,-1,-1,-1,-1,-1,-1,-1,-1,-1,-1,-1,-1,-1,-1,-1,-1,-1,-1,-1,-1,-1,-1,-1,-1,-1,-1,-1,-1,-1,-1,-1,-1,-1,-1,-1,-1,-1,-1,-1,-1,-1,-1,-1,-1,-1,-1,-1,-1,-1,-1,-1,
356,368,377,388,398,410,415,405,437,499,508,516,522,531,495,542,548,553,561,567,575,598,604,621,116,638,116,654,656,-1,355,689,-1,-1,-1,-1,-1,-1,-1,-1,-1,-1,-1,-1,-1,-1,-1,-1,-1,-1,-1,-1,-1,-1,-1,-1,-1,-1,-1,-1,-1,-1,-1,-1,-1,-1,-1,-1,-1,-1,-1,-1,-1,-1,-1,-1,-1,-1,-1,-1,-1,-1,-1,-1,-1,-1,-1,-1,-1,-1,-1,-1,-1,-1,-1,-1,-1,812,-1,-1,
357,367,378,389,399,409,416,405,438,500,509,515,523,530,536,541,549,474,562,566,576,597,605,620,622,637,116,355,657,-1,355,688,-1,-1,-1,-1,-1,-1,-1,-1,-1,-1,-1,-1,-1,-1,-1,-1,-1,-1,-1,-1,-1,-1,-1,-1,-1,-1,-1,-1,-1,-1,-1,-1,-1,-1,-1,-1,-1,-1,-1,-1,-1,-1,-1,-1,-1,-1,-1,-1,-1,-1,-1,-1,-1,-1,-1,-1,-1,-1,-1,-1,-1,-1,-1,-1,-1,811,-1,813,
358,366,378,387,400,407,417,429,439,498,510,514,524,529,537,540,549,474,380,565,577,596,606,619,623,636,116,653,658,672,673,687,-1,-1,-1,-1,-1,-1,-1,-1,-1,-1,-1,-1,-1,-1,-1,-1,-1,-1,-1,-1,-1,-1,-1,-1,-1,-1,-1,-1,-1,-1,-1,-1,-1,-1,-1,-1,-1,-1,-1,-1,-1,-1,-1,-1,-1,-1,-1,-1,-1,-1,-1,-1,-1,-1,-1,-1,-1,-1,-1,-1,-1,-1,-1,795,-1,811,116,814,
116,365,378,386,400,408,418,430,440,497,511,514,525,528,495,539,550,474,380,564,578,595,607,618,624,635,642,652,659,671,-1,686,-1,-1,-1,-1,-1,-1,-1,-1,-1,-1,-1,-1,-1,-1,-1,-1,-1,-1,-1,-1,-1,-1,-1,-1,-1,-1,-1,-1,-1,-1,-1,-1,-1,-1,-1,-1,-1,-1,599,-1,-1,-1,-1,-1,-1,-1,752,-1,756,-1,-1,-1,-1,-1,-1,-1,-1,-1,-1,-1,-1,-1,-1,794,-1,810,800,815,
116,364,379,385,401,406,419,428,441,496,512,513,526,527,538,482,551,474,380,563,579,594,608,617,625,634,643,651,660,670,355,600,-1,-1,-1,-1,-1,-1,-1,-1,-1,-1,-1,-1,-1,-1,-1,-1,-1,-1,-1,-1,-1,-1,-1,-1,-1,-1,-1,-1,-1,-1,-1,-1,-1,-1,-1,-1,-1,-1,728,-1,-1,-1,-1,-1,-1,-1,355,-1,755,-1,-1,-1,-1,-1,-1,-1,-1,-1,-1,-1,756,-1,-1,793,-1,-1,800,600,
116,363,380,384,402,405,420,427,442,489,488,487,485,486,484,483,469,474,481,480,580,593,609,616,626,632,644,650,661,669,355,685,-1,-1,-1,-1,-1,-1,-1,-1,-1,-1,-1,-1,-1,-1,-1,-1,-1,-1,-1,-1,-1,-1,-1,-1,-1,-1,-1,-1,-1,-1,-1,-1,-1,-1,-1,-1,-1,-1,727,-1,-1,-1,-1,-1,-1,746,753,657,754,116,763,-1,-1,-1,-1,-1,-1,-1,-1,786,787,116,-1,792,801,802,809,600,
116,362,380,384,402,405,421,426,443,490,491,492,493,494,495,482,469,474,475,479,581,592,610,615,627,633,645,649,662,668,355,684,-1,-1,-1,-1,-1,-1,-1,-1,-1,-1,-1,-1,-1,-1,-1,-1,-1,-1,-1,-1,-1,-1,-1,-1,-1,-1,714,-1,-1,-1,-1,-1,-1,-1,-1,-1,-1,355,729,737,-1,-1,-1,-1,-1,745,747,658,757,762,764,705,-1,-1,-1,-1,-1,-1,-1,-1,785,705,791,600,800,803,808,816,
359,362,381,384,402,405,422,425,444,462,463,464,465,466,467,468,469,474,380,479,582,591,611,614,628,631,646,648,663,667,676,683,-1,-1,-1,-1,-1,-1,-1,-1,-1,-1,-1,-1,-1,-1,-1,-1,692,-1,-1,-1,-1,-1,-1,-1,-1,-1,713,-1,-1,-1,-1,-1,-1,-1,-1,-1,-1,726,-1,-1,736,-1,-1,-1,-1,744,748,658,758,761,765,768,-1,-1,-1,-1,-1,-1,-1,-1,784,762,790,796,799,804,807,817,
360,361,382,383,403,404,423,424,445,460,461,459,458,457,456,471,470,474,380,478,583,590,612,613,629,630,8,647,664,666,677,682,681,-1,-1,-1,-1,-1,-1,-1,-1,-1,-1,-1,-1,-1,-1,-1,694,697,698,701,702,705,116,-1,709,-1,712,-1,-1,-1,-1,-1,-1,-1,720,721,724,725,-1,-1,734,735,-1,-1,741,742,749,751,759,760,766,767,771,772,752,-1,599,777,778,779,783,788,789,797,798,805,806,6,
6,6,6,6,6,446,447,448,449,450,451,452,453,454,455,6,472,473,476,477,584,585,586,587,588,589,6,6,6,665,678,679,680,693,-1,-1,-1,-1,-1,-1,-1,-1,-1,-1,-1,-1,-1,-1,695,696,699,700,703,704,706,707,708,710,711,715,716,717,-1,-1,-1,718,719,722,723,731,730,732,-1,733,738,739,740,743,750,448,6,6,6,769,770,773,774,775,776,780,781,782,6,6,6,6,6,6,6,6,
6,6,6,6,6,6,6,6,6,6,6,6,6,6,6,6,6,6,6,6,6,6,6,6,6,6,6,6,6,6,6,6,6,6,6,6,6,6,6,6,6,6,6,6,6,6,6,6,6,6,6,6,6,6,6,6,6,6,6,6,6,6,6,6,6,6,6,6,6,6,6,6,6,6,6,6,6,6,6,6,6,6,6,6,6,6,6,6,6,6,6,6,6,6,6,6,6,6,6,6,
6,6,6,6,6,6,6,6,6,6,6,6,6,6,6,6,6,6,6,6,6,6,6,6,6,6,6,6,6,6,6,6,6,6,6,6,6,6,6,6,6,6,6,6,6,6,6,6,6,6,6,6,6,6,6,6,6,6,6,6,6,6,6,6,6,6,6,6,6,6,6,6,6,6,6,6,6,6,6,6,6,6,6,6,6,6,6,6,6,6,6,6,6,6,6,6,6,6,6,6,

