-1,-1,-1,-1,-1,-1,-1,-1,-1,-1,-1,135,134,133,132,131,130,-1,-1,-1,-1,-1,-1,-1,-1,-1,-1,-1,-1,-1,-1,-1,-1,-1,-1,-1,-1,-1,-1,-1,-1,-1,-1,-1,-1,-1,-1,-1,-1,-1,-1,-1,-1,-1,-1,-1,-1,-1,-1,-1,-1,-1,-1,-1,-1,-1,-1,-1,-1,-1,-1,-1,-1,-1,-1,-1,-1,-1,-1,-1,-1,-1,-1,-1,-1,-1,-1,-1,-1,-1,-1,-1,-1,-1,-1,-1,-1,-1,-1,-1,
-1,-1,-1,-1,-1,-1,-1,-1,-1,-1,-1,136,137,138,124,38,128,-1,-1,-1,-1,-1,-1,-1,-1,-1,-1,-1,-1,-1,-1,-1,-1,-1,-1,-1,-1,-1,-1,-1,-1,-1,-1,-1,-1,-1,-1,-1,-1,-1,-1,-1,-1,-1,-1,-1,-1,-1,-1,-1,-1,-1,-1,-1,-1,-1,-1,-1,-1,-1,-1,-1,-1,-1,-1,-1,-1,-1,-1,-1,-1,-1,-1,-1,-1,-1,-1,-1,-1,-1,-1,-1,-1,-1,-1,-1,-1,-1,-1,-1,
33,-1,36,-1,-1,-1,-1,-1,-1,-1,-1,104,102,119,123,125,128,-1,-1,-1,-1,-1,-1,-1,-1,-1,181,-1,-1,-1,-1,-1,-1,-1,-1,-1,-1,-1,-1,-1,-1,-1,-1,-1,-1,-1,-1,-1,-1,-1,-1,-1,-1,-1,-1,-1,-1,-1,-1,-1,-1,-1,-1,-1,-1,-1,-1,-1,-1,-1,-1,-1,-1,-1,-1,-1,-1,-1,-1,-1,-1,-1,-1,-1,-1,-1,-1,-1,-1,-1,-1,-1,-1,-1,-1,-1,-1,-1,-1,-1,
34,35,37,-1,-1,-1,73,-1,76,-1,-1,105,103,118,122,126,128,-1,-1,-1,-1,-1,-1,-1,-1,180,179,182,183,-1,-1,-1,-1,-1,-1,-1,-1,-1,-1,-1,-1,-1,-1,-1,-1,-1,-1,-1,-1,-1,-1,-1,-1,-1,-1,-1,-1,-1,-1,-1,-1,-1,-1,-1,-1,-1,-1,-1,-1,-1,-1,-1,-1,-1,-1,-1,-1,-1,306,-1,-1,-1,-1,-1,-1,-1,-1,-1,-1,-1,-1,-1,-1,-1,-1,-1,-1,-1,-1,-1,
40,39,38,-1,-1,-1,72,74,75,-1,-1,106,101,116,121,127,128,-1,-1,-1,-1,-1,-1,-1,-1,-1,178,185,184,194,195,-1,-1,-1,-1,-1,-1,-1,-1,-1,-1,-1,-1,-1,-1,-1,-1,-1,-1,-1,-1,-1,-1,-1,-1,-1,-1,-1,-1,-1,-1,-1,-1,-1,-1,-1,-1,-1,-1,-1,-1,-1,-1,-1,-1,-1,-1,-1,304,305,-1,-1,-1,-1,-1,-1,-1,-1,-1,-1,-1,-1,-1,-1,-1,-1,-1,-1,-1,-1,
41,42,38,-1,-1,71,-1,77,-1,-1,-1,107,100,116,120,-1,128,-1,-1,-1,-1,-1,-1,-1,-1,-1,178,186,187,193,196,-1,-1,-1,-1,-1,-1,-1,-1,-1,-1,-1,-1,-1,-1,-1,-1,-1,-1,-1,-1,-1,-1,-1,-1,-1,-1,-1,-1,-1,-1,-1,-1,-1,-1,-1,-1,-1,-1,-1,-1,-1,-1,-1,-1,-1,-1,-1,301,302,-1,-1,-1,-1,-1,-1,-1,-1,-1,-1,-1,-1,-1,-1,-1,-1,-1,-1,-1,-1,
43,38,38,-1,-1,70,-1,78,-1,-1,-1,108,99,116,-1,-1,129,-1,-1,-1,-1,-1,-1,-1,-1,-1,177,109,188,192,197,-1,-1,-1,-1,-1,-1,-1,-1,-1,-1,-1,-1,-1,-1,-1,-1,-1,-1,-1,-1,-1,-1,-1,-1,-1,-1,-1,-1,-1,-1,-1,-1,-1,-1,-1,-1,-1,-1,-1,-1,-1,-1,-1,-1,-1,-1,-1,300,303,-1,-1,-1,-1,-1,-1,-1,-1,-1,-1,-1,-1,-1,-1,-1,-1,339,340,-1,-1,
44,38,45,-1,-1,69,-1,79,-1,-1,-1,109,98,116,-1,-1,129,-1,-1,-1,-1,-1,-1,-1,-1,-1,174,189,190,191,129,-1,-1,-1,-1,-1,-1,-1,-1,-1,-1,-1,-1,-1,-1,-1,-1,-1,-1,-1,-1,-1,-1,-1,-1,-1,-1,-1,-1,-1,-1,-1,-1,-1,-1,-1,-1,-1,-1,-1,-1,-1,-1,-1,-1,-1,-1,-1,299,298,-1,-1,-1,-1,-1,-1,-1,-1,-1,-1,-1,-1,-1,-1,-1,-1,338,-1,-1,-1,
47,46,-1,-1,-1,68,-1,80,-1,-1,-1,110,97,117,-1,-1,-1,-1,-1,-1,-1,-1,-1,-1,-1,-1,176,175,112,200,129,-1,-1,-1,-1,-1,-1,-1,-1,-1,-1,-1,-1,-1,-1,-1,-1,-1,-1,-1,-1,-1,-1,-1,-1,-1,-1,-1,-1,-1,-1,-1,-1,-1,-1,-1,-1,-1,-1,-1,-1,-1,-1,-1,-1,-1,-1,-1,-1,297,-1,-1,-1,-1,-1,-1,-1,-1,-1,-1,-1,-1,-1,-1,-1,-1,337,-1,-1,-1,
48,55,56,-1,-1,67,-1,81,-1,-1,-1,111,96,116,-1,-1,147,-1,-1,-1,-1,-1,-1,-1,-1,-1,-1,174,-1,201,129,-1,-1,-1,-1,-1,-1,-1,-1,-1,-1,-1,-1,-1,-1,-1,-1,-1,-1,-1,-1,-1,-1,-1,-1,-1,-1,-1,-1,-1,-1,-1,-1,-1,-1,-1,-1,-1,-1,-1,-1,-1,-1,-1,-1,-1,-1,-1,-1,296,-1,312,-1,-1,-1,-1,-1,-1,-1,-1,-1,-1,-1,-1,-1,-1,336,-1,349,350,
49,54,57,-1,66,65,-1,81,-1,-1,-1,112,95,115,145,146,126,-1,153,-1,-1,-1,-1,-1,-1,-1,-1,173,-1,199,129,-1,-1,-1,-1,-1,-1,-1,-1,-1,-1,-1,-1,-1,-1,-1,-1,-1,-1,-1,-1,-1,-1,-1,-1,-1,-1,-1,-1,-1,-1,-1,-1,-1,-1,-1,-1,-1,-1,-1,-1,-1,-1,-1,-1,-1,-1,-1,-1,295,-1,311,-1,-1,-1,316,-1,-1,-1,-1,-1,-1,-1,-1,-1,-1,335,-1,348,351,
50,53,58,-1,63,64,-1,81,-1,-1,-1,-1,94,114,144,143,142,-1,152,-1,-1,-1,-1,162,-1,-1,-1,-1,66,203,198,-1,-1,-1,-1,-1,-1,-1,-1,-1,-1,-1,-1,-1,-1,-1,-1,-1,-1,-1,-1,-1,-1,-1,-1,-1,-1,-1,-1,-1,-1,258,259,-1,264,-1,-1,-1,-1,-1,-1,-1,-1,-1,-1,-1,-1,-1,-1,294,-1,310,315,313,314,317,318,-1,-1,-1,-1,-1,-1,-1,-1,-1,334,-1,-1,347,
51,52,59,60,61,62,-1,82,92,91,90,89,93,113,139,140,141,148,151,154,155,-1,-1,161,163,33,-1,-1,172,202,184,208,-1,-1,-1,-1,221,222,116,-1,-1,-1,-1,-1,-1,-1,-1,-1,-1,-1,-1,-1,-1,-1,-1,-1,-1,-1,-1,-1,-1,257,260,263,265,-1,-1,-1,-1,-1,-1,-1,-1,-1,-1,-1,-1,-1,291,292,307,308,309,0,0,0,0,319,320,-1,-1,325,326,329,-1,-1,333,342,343,346,
0,0,0,0,0,0,84,83,85,86,87,88,0,0,0,0,0,149,150,0,0,156,157,160,164,167,168,169,171,204,207,209,215,216,217,-1,220,223,224,-1,-1,-1,-1,-1,-1,-1,-1,-1,-1,-1,-1,-1,-1,-1,-1,-1,-1,-1,-1,-1,255,256,261,262,266,-1,-1,-1,-1,-1,-1,-1,-1,-1,-1,-1,288,289,290,293,0,0,0,0,0,0,0,0,321,322,323,324,327,328,330,331,332,341,344,345,
0,0,0,0,0,0,0,0,0,0,0,0,0,0,0,0,0,0,0,0,0,0,158,159,165,166,0,0,170,205,206,210,212,213,214,218,219,225,226,227,228,229,230,231,238,231,231,231,231,231,231,229,246,247,231,231,231,231,231,253,254,0,0,0,267,268,269,271,273,274,277,278,281,282,285,286,287,0,0,0,0,0,0,0,0,0,0,0,0,0,0,0,0,0,0,0,0,0,0,0,
0,0,0,0,0,0,0,0,0,0,0,0,0,0,0,0,0,0,0,0,0,0,0,0,0,0,0,0,0,0,211,0,0,0,0,0,0,0,0,0,232,233,234,235,236,237,239,240,241,242,243,244,245,0,248,249,250,251,252,0,0,0,0,0,0,0,270,272,0,275,276,279,280,283,284,0,0,0,0,0,0,0,0,0,0,0,0,0,0,0,0,0,0,0,0,0,0,0,0,0,

